[header]
width=30
height=13
tilewidth=16
tileheight=16

[layer]
type=Tiles
data=
210,210,210,210,210,210,210,210,210,210,210,210,210,210,210,210,210,210,210,210,210,210,210,210,210,210,210,210,210,210
210,210,210,210,210,210,210,210,210,210,210,210,210,210,210,210,210,210,210,210,210,210,210,210,210,210,210,210,210,210
210,210,210,210,210,210,210,210,210,210,210,210,210,210,210,210,210,210,210,210,210,210,210,210,210,210,210,210,210,210
210,210,210,210,210,210,210,210,210,210,210,210,210,210,210,210,210,210,210,210,210,210,210,210,210,210,210,210,210,210
210,210,210,210,210,210,210,210,210,210,210,210,210,210,210,210,210,210,210,210,210,210,210,210,210,210,210,210,210,210
210,210,210,210,210,210,210,210,210,210,210,210,210,210,210,210,210,210,210,210,210,210,210,210,210,210,210,210,210,210
210,210,210,210,210,210,210,210,210,210,210,210,210,210,210,210,210,210,210,210,210,210,210,210,210,210,210,210,210,210
210,210,210,210,210,210,210,210,210,210,210,210,210,210,210,210,210,210,210,210,210,210,210,210,210,210,210,210,210,210
210,210,210,210,210,210,210,210,210,210,210,210,210,210,210,210,210,210,210,210,210,210,210,210,210,210,210,210,210,210
210,210,210,210,210,210,210,210,210,210,210,210,210,210,210,210,210,210,210,210,210,210,210,210,210,210,210,210,210,210
122,123,123,122,124,123,122,122,122,122,124,124,123,125,125,125,124,123,122,122,125,125,124,124,124,125,125,124,124,124
33,33,33,33,33,33,33,33,33,33,33,33,33,33,33,33,33,33,33,33,33,33,33,33,33,33,33,33,33,33
33,33,33,33,33,33,33,33,33,33,33,33,33,33,33,33,33,33,33,33,33,33,33,33,33,33,33,33,33,33

[ObjectsLayer]
type=player
location=10,230,0,0

