[header]
width=12
height=12
tilewidth=16
tileheight=16

[layer]
type=Tiles
data=
694,725,725,725,725,725,725,725,725,725,725,696
724,578,578,578,578,578,578,578,578,578,578,726
724,578,578,578,578,578,578,578,578,578,578,726
724,578,578,578,578,578,578,578,578,578,578,726
724,578,578,578,733,578,578,578,578,578,578,726
724,578,578,578,578,578,578,578,578,578,578,726
724,578,578,578,578,578,578,578,578,733,578,726
724,578,578,578,578,578,578,578,578,578,578,726
724,578,578,578,578,578,578,578,578,578,578,726
724,578,578,578,578,578,578,578,578,578,578,726
724,578,578,578,578,578,578,578,578,578,578,726
754,755,755,755,755,755,755,755,755,755,755,756

[ObjectsLayer]
type=player
location=30,30,0,0

[ObjectsLayer]
type=win
location=160,160,0,0

[ObjectsLayer]
type=rock
location=60,120,0,0

[ObjectsLayer]
type=rock
location=100,90,0,0

[ObjectsLayer]
type=enemy
location=70,40,0,0

[ObjectsLayer]
type=enemy
location=150,150,0,0
